INFO :20140812.100435:main 服务开始启动 InitServerTest.java:17
INFO :20140812.100436:main 服务结束 InitServerTest.java:31
